5918.606
6069
6817
7827.384
9421.348
10284
12042
13349
14391
15121
18460
18736.435
19980
21392
21963
22506.932
22834
23269
26900
27415.682
27542
27560
29813.398
30378
30688.467
30834
32219.404
32880
33440.731
33624
34018
35000
36499
39774
45171
47052.278
50120
53698
54837
56978
57857
58618.502
58619
60652
60743
61842
63708
63825
64641
67523.433
67881.562
69092
75136
77139
78407
79392
81966
91619.913
96290
101148
101435
103452.176
109560
109752
110123
110394
110631
111807
112456
114325
114548
114548.311
115000
117849
119505
143223
143379
148481
148497
152361.559
154047.518
156282
157693
157812
159634
159925.955
160212.839
163241
164403
164792
164980
165280
165442
167345
167931
168843.932
169741.635
171602
172361
174528
179543
180113
180394.779
182394
182956
185224
192545
193921.282
195851.323
197403
198434
199181.297
199369
199789
201306.53
202081
202636
202893
204829
206665
207093
209140
212702
213196
215635.418
220942
223184
229579
232755.281
233669
236590
237178.563
238647
238741
239819
239937
0
6680
9619
10565
15249
16108
16108.95
19239
28578
31391
34254
36574
37308.283
37891
45906
46240
47684.622
57129
61124
68566.957
70526
70649.179
75252.699
79682
84963
86051
96719
97951.43
106168
106895
113094
113603
134313
137699
141898
145625
148478.863
151527.253
151527.253
151964
152865
156486
158796.372
160851
168191
171577
175659
176227
179859
183149
184695
195683
201831
204775
205400.439
207593
212449
212454.864
218461
220995
222128
223880
224790
225795
232440
233638
233910
234356.494
235978
236917
238365.146
243616
0
2121
2132
4055
6776
8160.756
8687
10157.819
11492
12600
13853
14460.134
15171
15780
22373
22735
23710
24198.962
25444.866
28646
29867
30710
36353
38009.631
38238
41125.969
42269.952
42435
43081.314
44574
45301
48160.639
49334.635
50085.379
50292.845
53217.013
53486.423
53990
55786
56154
57323
59521
59791
60467
62456
62499.927
63995
64165
67590
72347.163
100810
101972.863
106039
108925
109808
114258
115168.539
116445
118923
119309
120765
125401
127264.797
128438
130209.34
130570.234
132900.954
136234.076
136638
137290.056
137444
137444.455
137444.455
138742
139695
139809.211
140305.049
140483.269
140781
143663.252
144088
144684
146387
149780.867
150128
151347
152252
152627
153429.109
160564.633
161882.868
165128
168514.415
169530.924
170126.904
170244
170803
171446.09
171472.454
171512.987
171572.281
171691.22
171691.22
171913.819
171920.878
171927.116
171961.048
171987.594
172035.049
172035.049
172970
173518.452
180237.517
180238
180273
180749
185297
185406
188707.765
188760
188760.139
190400
190983.021
191164.731
192998.188
197102.87
198342.644
199344
753
1083
1864
2997.112
4485
4859
4936
8171
9756
11085
15196
19188
20415
23295
23986
25331
25835
26142
28680
29422
30264
30469
30614
30741
33162
35527
37073
38053
38162
40214
40749
41277
42338
44474
44739
45819
45843
47679
48053.342
48102
48340
48340
48819
52945
53657
54688
55010.743
55111
56462
57177
66193.025
66604
67755
68456
71696
73488
74424
74736.256
75202
75320
75331
75331
75429
76058
76371
76597
77400
79324
80786
82882
83433
84625
85428
86767
87369
87738
87974
88522
89387.214
89864
90433
90591
91474
91710
94193
94902
97135
98738
99766.981
99792
100687
101567
111671
112154.575
112724
115227
120384
120417
120664
121198
121886
124058
124066
124272
124748
125135
128592
128976
133904
134574
135249
139759
139994
141249
142438.37
143222
144835.893
144835.893
145023
145376
145376
145551
147169
147357
148000
152620
152716
152942
153406
155127
155186.521
155826
156061
158297
158730
160107
160183
163266
165405
167513
168854
169422
169974
170539
171540
172999
173700
174952
175400
176384
178299
179291
183090
183250
185542
185751
185847
186004.804
186282
186349
186965
187142
187703
187817
188204
188988
191732
0
1478
3055
3449
3816
3995
4965
6365
7387
10279
10746
11435
14563
14927
15871
16623
16684
17465
31667
32068
33747
35843
37905
38525.405
41329
53345
54223
55756
55905
56283
57585
57985
58769
62919
64806
66059
66185
67255
67819
68478.878
74612
76314
77844
78971
81388
81757
82851
86020
95881
102729
103124
106611
111718
112256
112438
112761
113712
117064
120387
121395
127225
128229
131375
131895.594
131958.034
133193
133558
133670.44
133928
134471
137655
137697
137881
141079
141675
147258
148396
149462
149773
151112
151601
152667
155172
157700
158183
159866
160720
163302
166977
169122
171198
172574
173001
173496
174849.279
176505.587
177772
179290
4285
5618
6939
7368
7900
8799
13498
14557
15945
16005.867
16407
16499
16761
17056
20118
20443
21716
22030
23410
23690
23944
24851
26195
27928
31650
33787
35199
36312
36693
36693.341
37188.722
37591
39160
39187
40340
43145
43811
44168
46975
47358
48061
51035
55302
62318
64091
64226
71712
72184
75042
85580
89723
91180
99673
100036
100506
105560
108282
108555
111933.613
111956.726
112006
112447
112942
113606
115327
119429
120789
124948
125373
128717
131601
133412
135483.109
136296
137396
155211
160238
170695
170737.911
188
807
2141
2730
2842
2948
4360
5757
5865
6993
8628
9820
16990
17301
17341
18118
18475
18557
19184
19727
22456
22543
24468
25979
26218
27651
27914
29280
29730
31485
32643
33387
34607
34955
34996
36331
36505
36961
37897
38494
39270
39895
40593
40815
40864
41166
42422
42828
43022
44081
44253
44369
45498
45830
45896
46025
46877
48000
49775
50725
52046
53465
54828.553
54871
55206
55242
55349
63546
65115
66469
67265
67608
67811
69638
71146
71275
71432
72822
72855
73357
77250
77697
79459
79459
80121
81611
82609
84156
86105.763
86745
87477
87990
90029
90268.894
91856
92211
92418
92475
93098
94735
95227
95552.733
96636
98035
99973
100265
100334
100337
101400
104127
104174
106305
106595
106748
107079
107908
108069
111198
111200
114104
115396
115449
115627
115990
115990
116565
120591
121089
121395
123941
125500
127170
127287
127910
128500
128687
129047
131260
132809
133332
134505
136029
136600
136916
137509
137608
137683
138472
139192
139842
142994
143474
144769
147633
150092
150928
151001
153599
154922
156990
157964
0
2058
2080
2117.695
2356
3284
4219
4358
4725
9674
9853
10039
10209
10594
10893
11164
11539
11734
11739
12753
12846
15646
15660
15976
17394
17511
19264
19617
19702
19807.05
20335
22745
23223
24859
25212
25299
25316
26282
26290
26649.175
27243
28178
28889
28963
29077
29319
30494
31264
32470
32637
33579
35530
35635
36452
38125
38257
38287.741
39745
39855
40481
40661
41163.276
41529.085
41663
43001
47823
49118
52199
52638
53073
53297
53605
54464
55552
55737
56842.332
56919
56973
61151
61583.289
64362
65694
67298
67392
67480
70364
74222
74642
74944
76694
78060
79384
79894
80998
82164
82336
82467
92927.734
93059
93148
98877
99005
99284
100171
100605
101112
101126
110377
118645
118768
118768
123706
125385
125503
125521
126333
126487
126543
127186
127639
128500
128704.918
128704.918
131013
132829
133112
133449
133963
134425
135163
135479
135878
136665
137675
138273
141505
141508
146309
222
2644
4408
4576
4820
5180
5893
5964
10432
10578
11586
11640
11790
12628
13018
13369
14333
15858
16141
17487
19585
20334.967
21957.751
21958
22823
24524
25426
27290
27537
30769
31035
31664
32326
32970
33163
34511
34590
34971
35800
36175
36204
37608
38085
67145
67236
68066
68683
69380
71119
73222
73439
74535
75400
75457
77811
80348
80767
81525
81643
83093
84018
85079
85712
86475
87222
87242
89148
89667
91550
92564
92643.363
93007
93144
93202.825
93550
96225
96445
97131
97957
98111
98250
98274
98443
105543
106020
108906
110120
111201
111466
112354
112532
112785
115037
115789
116348
118302
122569
122776
127638
127951
128986.497
129650
129693
131043
131843.236
131879
136372
0
178
1578
2197
3622
4301
6632
6649
7200
7901
8120
8923
11804
12796.951
13694
13711
14455
15557
17956
20564
21378
21593
21850
21867
22138
22614.145
22622
22666
22794
23586
24560
24840
25593
26493
29581
30577
34315
42856.517
43423
43988
44121
49923
51484
51554
52297
53025
53259
59302
60133
61975
63911
64542
66053
67615
68620
69318
69724
70407
70854
71425
71740
72010
72320
72570
72931
74004
74222
75118
76964
78276
78296
78596
80207
80374
81837
88215
89288.344
89676
94033.504
95192.699
96648
97763
98832
99295
99789
101068
101310
101657
101703
102391
102961
103585
103820.049
105401
105823
107185
107841
108591
108767
110790
111415
111544
112985
114186
114531
115457.657
115612
115887
120497
121249
121974
122745
122902.442
123678
124606
127417
127765
128242
128795
129270
132877
133055
133884
135037
0
522.942
522.942
523
2149.57
2869
3582
3812.52
4188
5230.038
5349
5371
6113
6278
7256
8563
9094
10500
10534
11611
11685
11689
12616
12686
13767
14374
14838
17179
17865
18158
19235
19261
19383
19596
19960
20188
23939
25057
26547
26560
27041
29798
30505
30640
31328
31328
32373.794
32374
32374
33269
33310
33539
33695
34632
34632
34776
35241
36016
36029
36361
36373
36674
36741
40253
40887
41566
41866
42826
43689
44107
44601
44934
45055
46046
46591
46591
47245.301
47997
48099
48472
56376
56629
57148
58500
59117
59215
59240
59955.803
62290
62953
62970
63810.389
64314
64346.355
64802
65048
66178
66394
66929
67049
67802
68482.613
69134
69229
69229
69242
69242
69361
70008
70129
71659
72013
72765
73039
73337
74815
74949
75067
75624
75993
76094.882
76760
77013
78025
78686
82259
83075
83096
83276
85003
85395
85481
86775
87714.913
92954
93773
93920
97426
99843
101595
101955
102182
102471
104333
104357
105059
105295
107455
107701.85
107774
109450
110978.55
111244
111630
112817.968
112818
112964
113531
113807
116613.441
117055
117844.879
118011
118862
119095
119486
119806
120201
120456
121703
122731
122910
125424
125860
126228
131207
132085
133589
134483
174
2978
3457.393
4177
4191
4253.198
5221
11935.247
12770
13644
14736
14833
15665
18417
18610
22094
25249
26255
27316
30116
30741
32989
43909
47439
47658.502
47682.343
48129
48794.831
49870
50298
50918
51016
51325
52180
52480
54782
56152.111
56427
57375
59176
60918
61706
62763
63254
63300
63731
65016
65483
66706
67191.307
67488
67488
68218
74053
75752
78276
80359
88211
90601
91384
91954
92401
93024
93273
93918
93927
94498
94706
97222
99314
99970
100203
101292.143
102582
102794.643
102862.106
103739
105025
105290
105448
105578
110302
110804
113916
124495
125569
127116
128754
129158
129550
131939
19885
21702
22138.869
23399
25534
29031
29038
30769
30842.814
32967.553
37927
38805
38842.273
38875.096
39564
39608
40802
40992.233
41260
41478
43382
43656
45018
45205.513
46357
46676
46814
49043
51011
58146.3
58297.802
71528
71779
72184
72520
73966
75831
76215
82659
90719
92619
93260
96752
97371
97662
98060
99930
100907
101238
102921
103756
104516
106617
107748
109071
110658
111287
113043
18913.532
19152
19227
19455
21010.676
21199
21467
22529
22595.505
22596
23859
24608
25116
27502
29365
29790
30071
32327
33325
37359
38678
47069
49846
49923
50570
50687
50904
52877
53522
53522
54178
55088
56641
56724
57707
60027.228
61602
62633
62866
62917
63384
63532
65768
67172
68022
68573
74541
75120
76416
76535
77551
86618
87070
87879
88848
89217
89681
90544
90747
91159
92234.803
92658
92807
93287
94166.345
94298
97866
98058
98738
99131
99216
99306
100382
102369
103207.383
105131
21360
21555.199
22771
22771
22904
23232
25602
31364
32327
32651
33953
37198
37687
40050
42541
46419
47336.284
48250
49230
49512
50811
52596
53725
53806
54130
57302
58191
58459
58506
58647
61143
61304
62769
63585
64033
64253
65074.244
65209
65746
67456
67649
70071
70224
70593
72054.671
72148
72774
76260
76549
76930
77858
78495
81611
81944
82804
83155
83600
85146
85888
88990.369
89204
92167
92715
95763
96437
96928.028
100257
44
2419.35
3778
6528
8154
8833
8997
11003
11608
12088
12777
16175.079
18469
18598
20413
23518
23813.897
29955
31616
48483
49514
50420
50758
55043
55603
56005
56509
57967
57967
58468
60574
62029
62316
64926
66171
66424
67002.304
67365
68111
68547
68547.412
68595
68772
69052
69411
71378
71389
75107
75323
76297
76938
78534
78534
82157
83412
83608
84216
85116
85736
89351.472
89514
0
381
624
854
874
2494
2572
2704
2704
2765
2765
2896
6452
7133.91
7458.093
7671
7772
8460
8598
9012
10066
12695.569
14414
14461
15334
16303
16751.015
19537
27121.17
28652
29255
30082
31435
33484
33563
33563
34027
38257
38259.651
38620.672
38681
38827
38860.534
38874
38917.959
39398
39869
41355
41569.482
43194
43198
43281.976
45331
45775
47275
47395
48029
48315
49706
50701
50764
50764
51088
53714
53757
54012.047
55364.733
57549.987
58226
58502
58714
65427
67226
69205
70598
71251
71815
73078
73659
73781
74492
74959
75104
76832
77897
78402
81860
0
711.742
2655
3377
3431
4458
5911
8256.317
9698.353
9932
10150
10750
12587
12905
13082
17272
19622
23275
25164.042
28036
30825
32374
33435
35981
42181
43587
44017
45621
46730
46839
48986
49140
51859
52816
54596
55422
56871
57286
58940
59071
59134.103
59636
64476
64907
65504
66822
70193
72859
73109
75214
76115
0
903
2419
3006
7067.637
11033
11734
12763.332
13702
14304
14886
18127
19023
33315
33418
34302
34995
37482
41164
43016
43373
43862
45433.778
47672
48076
48859
48973
49695
50140.342
50663.092
50685
51666
52665
53310.514
53768
54420
55230
56209
60725
62474
64000
127
307
474
614.133
1263.145
1972
2535
2898.852
3123
3772.106
3772.106
3775
3781
4543
5082
5091
5513
6138
6701
8790
8857
10613
10783
11037
11071
11519
11519
13575
15593
15615
16942
17251.917
17708
18211
18483.545
19662.193
23093
23609
24179
24412
30999
31323
31326
31711
32918.605
33392.913
34018.253
35925.95
36697
36697.499
36736
38669
39568
40192
40260
40437
40486.693
41360
41643
42402
42981.137
43030
43291
43830
44137
44334
44389.228
44521.117
44793.913
45625
46209
46514
46816.106
46816.106
46846
47237
47924
47999
48348.259
49494
49494.125
49812
49812
49885
50072
50670
51182
51669
52394
52854
52869.034
52869.034
53054
53186
53245.938
53455
53455.409
53455.409
53691
54446
54558
54999
55629.949
55630
56590
56590.236
56821.557
59444
62704
62767
63742
14999
16652
18245
18596
20982
22225
24047
26175
26442
26666
26777
26789
26923
28597
29646
29766
29801
30853
31101
31237.013
31281
31408
31454
31577
32217
32693
33198.273
33596.794
33648.248
34528
34980.199
35080.5
36747
38675.72
38715
39115.225
40277
41720.076
41751
43367.829
43579.897
45081.741
46788
46874.316
15547
17693
21847
21847.252
22408.326
27826
28159.125
28324
34543
35153
37172
37863
37863.104
38159.607
40483
43367
43995
49211
0
6599
7908
16360
18845
21572
30476
30879
31094
31163
33752
36500
37039
40235
41939
42854
47333
48740.972
54384
63455
65192
65630.664
65630.664
67136
68315
70314
71907
73363
98701
99376
99376.298
99515.97
99773
101504
104807
109584
109768
121135
125353
127258
129120
129403.027
133683
133888
134636
135853
139089.071
145658
146341
146779
147086
147866
148175
151638.432
153692
